Duck 518.4 584.319744 634.24 667.520256
Duck 0.0 353.28000000000003 98.56 421.76025599999997
Duck 53.76 471.03974400000004 122.88 559.359744
Duck 87.04 144.0 145.28 219.519744
Duck 176.64 543.36 216.32 626.559744
Duck 197.76 284.15999999999997 243.2 360.96
Duck 218.88 394.23974400000003 286.72 499.839744
Duck 243.2 506.24025600000004 357.76 555.519744
Duck 249.6 547.2 343.68 626.559744
Duck 254.72 200.960256 321.28 293.76
Duck 268.16 358.400256 371.2 411.519744
Duck 339.84 451.20000000000005 401.92 543.36
Duck 366.08 264.320256 392.32 306.560256
Duck 371.2 504.96 481.28 624.0
Duck 397.44 387.200256 466.56 466.56000000000006
Duck 404.48 699.519744 440.32 767.360256
Duck 408.32 115.19999999999999 448.0 198.399744
Duck 408.32 261.759744 476.8 368.64
Duck 420.48 568.959744 515.2 616.3199999999999
Duck 455.68 415.359744 516.48 514.5600000000001
Duck 469.12 698.240256 545.92 767.360256
Duck 471.68 39.680256 513.92 144.0
Duck 519.68 314.88 635.52 378.24
Duck 538.24 113.919744 576.0 145.280256
Duck 538.24 373.119744 599.04 456.320256
Duck 543.36 436.479744 664.96 524.7997439999999
Duck 556.16 207.36 581.76 249.60000000000002
Duck 568.32 235.52025600000002 593.28 303.99974399999996
Duck 642.56 691.839744 698.24 767.360256
Duck 646.4 178.56 683.52 268.160256
Duck 651.52 35.840256 739.2 88.32000000000001
Duck 658.56 101.76 743.04 172.160256
Duck 707.2 293.76 737.92 343.68
Duck 761.6 568.959744 805.12 693.12
Duck 816.0 455.04 908.16 563.199744
Duck 831.36 286.719744 884.48 394.23974400000003
Duck 958.72 642.560256 1023.36 757.760256
Duck 994.56 271.359744 1023.36 337.280256
