Duck 12.8 300.720124 110.08 393.49573200000003
Duck 69.12 508.66524400000003 192.64 574.5676839999999
Duck 102.4 376.220124 140.16 445.961588
Duck 116.48 322.47439199999997 172.8 390.936584
Duck 136.32 264.889636 177.92 317.356096
Duck 136.32 431.24573200000003 241.28 492.669512
Duck 167.68 325.03414399999997 201.6 376.220124
Duck 183.68 463.87683200000004 246.4 540.017072
Duck 202.88 288.563416 251.52 360.22439199999997
Duck 261.12 292.40244 350.08 371.10182799999995
Duck 261.12 380.05914799999994 361.6 442.12316799999996
Duck 297.6 293.682316 377.6 364.703656
Duck 312.32 408.85182799999995 407.68 477.313416
Duck 364.8 301.360364 469.76 346.14817200000005
Duck 424.96 321.19512000000003 490.24 401.17377999999997
Duck 492.8 246.334756 595.2 348.70792400000005
Duck 519.04 418.449388 625.92 500.987196
Duck 541.44 298.80061199999994 608.64 368.54207599999995
Duck 582.4 221.3811 643.84 268.72866
Duck 637.44 305.199388 687.36 364.703656
Duck 658.56 437.643904 769.92 517.623168
Duck 662.4 377.5 721.28 474.75426799999997
Duck 692.48 317.356096 767.36 393.49573200000003
Duck 800.0 374.94085200000006 858.88 486.27134
Duck 852.48 376.220124 947.2 463.87683200000004
Duck 876.16 339.75 935.04 415.889636
