Duck 741.76 390.39974400000006 851.2 487.040256
Duck 30.08 216.95999999999998 147.84 264.320256
Duck 43.52 271.359744 124.16 358.400256
Duck 115.84 141.440256 199.04 214.400256
Duck 172.8 314.88 290.56 379.520256
Duck 269.44 204.800256 355.2 272.64
Duck 302.72 467.840256 394.88 526.08
Duck 344.96 321.279744 440.32 411.519744
Duck 344.96 404.480256 486.4 472.32
Duck 360.96 236.79974399999998 462.72 332.15999999999997
Duck 369.92 530.559744 495.36 613.760256
Duck 440.32 442.88025600000003 535.04 526.08
Duck 766.72 43.520255999999996 1023.36 293.76
