Duck 921.6 513.110242 986.3997439999999 577.94917
Duck 100.800512 457.075914 127.20025600000001 481.090626
Duck 107.19948799999999 172.90447 143.200256 218.53215800000004
Duck 127.20025600000001 449.07167200000004 171.199488 475.487458
Duck 184.00051200000001 470.684648 218.399744 495.49905600000005
Duck 192.0 436.263296 218.399744 467.482554
Duck 251.199488 176.106564 307.999744 207.32516
Duck 271.200256 456.275556 297.6 481.090626
Duck 312.000512 343.40720400000004 339.999744 365.02084199999996
Duck 329.6 280.168992 425.6 318.592796
Duck 515.2 425.857318 543.200256 465.080818
Duck 616.800256 436.263296 640.799744 456.275556
Duck 654.400512 139.28413799999998 685.599744 188.914278
Duck 677.600256 436.263296 709.600256 474.6871
Duck 738.400256 469.08327 778.399744 499.501508
Duck 815.200256 511.508864 848.0 550.733026
Duck 835.9997440000001 430.660128 864.0 457.075914
Duck 846.4005119999999 485.093078 884.7994880000001 519.513768
