Fish 404.48 261.410737 692.48 471.56505599999997
Fish 0.0 265.89599799999996 51.2 342.140654
Fish 15.36 20.502977 83.84 69.196779
Fish 72.96 356.877062 124.16 461.95388
Fish 150.4 502.31918 314.88 673.3895070000001
Fish 279.04 40.364617 433.92 128.142411
Fish 317.44 8.969839 408.96 64.071547
Fish 538.88 87.777794 638.72 196.699219
Fish 538.88 129.423719 678.4 192.854612
Fish 633.6 69.196779 698.88 115.328648
Fish 687.36 613.162567 797.44 681.078038
Fish 707.2 478.61225 760.96 526.025427
Fish 725.12 153.130649 807.68 185.80673499999997
Fish 741.12 175.555588 828.8 238.345144
Fish 768.64 98.02894099999999 858.88 138.394241
Fish 775.04 643.276037 802.56 681.078038
Fish 821.12 304.33865299999997 904.96 397.24167900000003
Fish 835.84 120.45388 880.0 215.920205
Fish 927.36 167.867057 1011.2 240.90776
