Fish 257.860539 288.64 487.567854 560.64
Fish 30.712608000000003 0.64 90.219153 60.16
Fish 168.921078 413.44 209.231376 455.04
Fish 202.19307 301.44 271.93715100000003 344.96
Fish 205.3923 798.08 271.93715100000003 842.24
Fish 212.43060599999998 868.48 270.017613 910.08
Fish 219.469779 696.96 252.74177100000003 761.6
Fish 247.623003 476.16 266.818383 509.44
Fish 284.094225 278.4 338.48200199999997 310.4
Fish 345.520308 599.04 406.306545 637.44
Fish 401.18777700000004 218.88 450.45591899999994 259.2
Fish 472.85052899999994 847.36 529.157844 896.0
Fish 477.970164 769.92 499.085082 798.08
Fish 479.88970200000006 625.28 504.20385 658.56
Fish 513.161694 213.76 581.626083 247.04
Fish 560.510298 595.2 582.905775 619.52
Fish 576.5073150000001 401.28 625.135611 444.8
Fish 588.664389 871.68 627.055149 948.48
Fish 600.8214630000001 796.16 620.016843 836.48
Fish 625.135611 297.6 660.328008 332.8
Fish 766.5433109999999 322.56 827.969394 364.16
