Fish 0.0 0.0 76.16 131.84772900000002
Fish 1.92 119.046972 215.68 209.29241100000002
Fish 189.44 312.978066 338.56 428.184879
Fish 231.04 499.22952300000003 506.88 592.674981
Fish 259.84 160.649262 399.36 245.774262
Fish 464.64 414.10452300000003 724.48 537.631794
Fish 480.64 8.320458 563.2 50.56288800000001
Fish 504.32 273.296196 730.88 331.539402
Fish 563.2 14.081037 702.08 125.44769099999999
Fish 640.64 380.182551 896.64 453.14693400000004
Fish 789.12 80.644701 851.84 194.57123399999998
Fish 840.32 501.789402 1023.36 590.114421
Fish 956.8 416.664402 1023.36 462.746991
