Fish 335.200256 580.8 492.000256 649.599744
Fish 0.0 710.4000000000001 32.799744 740.7997439999999
Fish 0.0 307.20000000000005 92.8 351.200256
Fish 0.0 506.40000000000003 98.400256 554.4000000000001
Fish 0.0 452.799744 160.799744 487.20000000000005
Fish 39.199744 575.199744 162.400256 611.199744
Fish 66.400256 687.2002560000001 176.799744 727.2
Fish 87.199744 307.20000000000005 183.19974399999998 346.400256
Fish 90.399744 42.399744000000005 186.399744 64.80000000000001
Fish 159.200256 116.799744 316.8 180.80025600000002
Fish 279.199744 608.7997439999999 344.800256 672.800256
Fish 327.199744 396.800256 448.79974400000003 428.799744
Fish 359.199744 291.200256 558.400512 366.399744
Fish 364.8 426.39974400000006 486.4 468.800256
Fish 419.2 744.800256 588.8 767.199744
Fish 471.19974400000007 362.4 608.799744 388.79999999999995
Fish 498.40025599999996 694.400256 616.800256 730.400256
Fish 512.799744 95.199744 648.800256 171.200256
Fish 559.200256 71.199744 711.199744 122.39999999999999
Fish 580.799488 634.400256 646.4 702.399744
Fish 732.8 359.199744 828.8 384.800256
Fish 735.200256 714.399744 844.8 764.7997439999999
Fish 794.399744 0.0 851.2 63.200255999999996
Fish 843.2005119999999 479.199744 1002.3997439999999 522.399744
Fish 906.3997439999999 588.800256 1014.4 615.2002560000001
Fish 910.4005119999999 620.7997439999999 958.4005119999999 642.399744
Fish 963.2 346.400256 1023.2002560000001 378.399744
Fish 979.2 666.399744 1023.2002560000001 694.400256
