Fish 606.08 471.680256 686.08 558.72
Fish 0.0 682.239744 58.88 744.320256
Fish 0.0 575.360256 76.16 649.599744
Fish 63.36 526.08 117.12 552.96
Fish 74.88 551.679744 170.24 590.079744
Fish 83.2 455.04 126.72 486.39974400000006
Fish 113.28 519.680256 165.12 542.079744
Fish 162.56 436.479744 191.36 478.719744
Fish 174.08 565.760256 220.8 590.079744
Fish 195.2 507.519744 228.48 542.079744
Fish 207.36 637.4399999999999 253.44 656.000256
Fish 213.76 346.239744 249.6 385.91999999999996
Fish 228.48 410.24025600000004 263.04 435.200256
Fish 248.32 432.63974399999995 332.8 517.119744
Fish 294.4 383.36025600000005 405.76 446.72025600000006
Fish 335.36 360.96 392.32 380.799744
Fish 337.92 504.96 397.44 531.84
Fish 364.8 624.0 423.04 646.400256
Fish 377.6 724.479744 442.88 748.8
Fish 382.08 666.24 445.44 695.679744
Fish 397.44 601.599744 437.12 616.3199999999999
Fish 408.32 464.00025600000004 453.12 494.72025600000006
Fish 437.12 502.400256 499.84 520.959744
Fish 450.56 565.760256 510.08 592.640256
Fish 465.28 542.079744 508.8 568.959744
Fish 472.96 637.4399999999999 535.04 672.0
Fish 513.92 431.36025600000005 561.92 464.00025600000004
Fish 552.32 563.199744 620.16 609.920256
Fish 590.72 663.680256 659.84 693.12
Fish 879.36 487.68 957.44 556.8
