Fish 488.96 31.37106 698.88 356.60630399999997
Fish 119.04 298.985796 177.92 432.793164
Fish 255.36 561.47892 295.04 616.5379439999999
Fish 501.12 490.41367199999996 551.04 508.980024
Fish 524.8 505.139154 571.52 527.547054
Fish 671.36 380.294946 698.88 435.35397
Fish 713.6 406.543716 769.92 426.39081
Fish 752.64 41.614962 793.6 76.18686
Fish 838.4 574.92366 889.6 642.787392
Fish 847.36 51.218154 890.88 69.144474
Fish 890.88 32.651802 912.64 77.46760199999999
Fish 915.84 101.155566 938.88 116.52107999999998
Fish 949.76 72.34531199999999 970.88 91.55237399999999
Fish 965.12 82.589214 1002.24 112.68021
