Fish 624.6256639999999 363.88118299999996 765.581312 430.166976
Fish 214.197248 204.38080599999998 314.38643199999996 227.857205
Fish 230.088704 306.57120900000007 332.350464 350.071615
Fish 359.298048 275.499681 467.08736 312.095303
Fish 445.66835199999997 217.500029 534.801408 246.49985500000003
Fish 573.495296 439.142795 708.923392 482.64253400000007
Fish 668.156928 522.000203 795.2926719999999 569.642679
Fish 796.675072 412.90501599999993 908.6095359999999 447.42826899999994
Fish 804.2752 300.35743699999995 913.4469119999999 325.214526
Fish 805.6576 535.1187590000001 942.467072 571.024036
Fish 844.3504640000001 447.42826899999994 968.723456 490.92867500000006
Fish 850.569216 622.118904 977.014784 664.2379530000001
Fish 936.2483199999999 504.047898 958.358528 517.166454
Fish 987.3797119999999 564.119252 1023.3088 585.5239489999999
Fish 999.124992 484.02389099999994 1022.6176 497.143114
