Fish 52.48 362.352228 87.68 377.076804
Fish 100.48 336.10434 138.88 359.79132
Fish 172.8 324.58051199999994 212.48 342.506352
Fish 237.44 313.69703999999996 262.4 333.543432
Fish 291.2 324.58051199999994 328.96 334.823628
Fish 372.48 327.14142 403.84 343.786548
Fish 473.6 396.28283999999996 515.2 416.129232
Fish 565.12 421.250532 596.48 433.4142
Fish 587.52 403.32520800000003 613.76 413.568324
Fish 596.48 362.352228 633.6 377.71716000000004
Fish 638.72 308.57574 671.36 328.42161600000003
Fish 646.4 370.03495200000003 679.68 382.19862
Fish 661.12 398.843748 696.32 412.287612
Fish 662.4 333.543432 701.44 343.786548
Fish 692.48 352.749468 718.72 373.87605599999995
