Fish 0.0 192.80102399999998 44.8 228.670464
Fish 3.84 311.940096 78.08 342.68544
Fish 21.12 641.174016 178.56 700.7439360000001
Fish 39.68 416.346624 178.56 466.949376
Fish 52.48 494.49215999999996 165.12 546.375168
Fish 124.16 134.512128 183.68 177.42796800000002
Fish 154.24 334.358784 252.16 377.915136
Fish 223.36 140.276736 301.44 182.552064
Fish 252.16 301.691136 294.4 326.671872
Fish 277.12 203.689728 356.48 247.24607999999998
Fish 293.12 67.256064 344.96 96.72038400000002
Fish 309.12 434.92224000000004 405.76 482.962176
Fish 326.4 177.42796800000002 396.16 208.813824
Fish 353.92 315.78316800000005 434.56 366.38515200000006
Fish 375.04 409.941504 459.52 440.04633600000005
Fish 384.64 589.93152 487.68 630.925824
Fish 424.32 463.10553600000003 491.52 507.942912
Fish 449.28 80.70758400000001 512.64 113.374464
Fish 454.4 326.671872 564.48 365.104128
Fish 483.84 387.52281600000003 535.04 420.1904639999999
Fish 535.04 219.062784 616.32 260.05708799999996
Fish 563.2 161.4144 620.8 191.519232
Fish 565.76 320.26675200000005 608.0 351.653376
Fish 606.72 346.52851200000003 692.48 397.77177599999993
Fish 626.56 153.087744 656.64 191.519232
Fish 650.24 391.36588800000004 701.44 406.098432
Fish 675.2 140.276736 741.12 170.382336
Fish 684.16 636.0499199999999 828.8 693.0577920000001
Fish 713.6 326.671872 823.04 367.666176
Fish 720.0 305.53497600000003 776.96 333.07776
Fish 725.76 541.891584 790.4 591.212544
Fish 738.56 367.666176 784.64 390.0848639999999
Fish 748.16 412.503552 851.2 454.77888
Fish 755.84 81.988608 844.16 122.982144
Fish 782.08 543.81312 906.24 621.318144
Fish 803.2 187.67615999999998 882.56 216.500736
Fish 827.52 475.916544 939.52 531.643392
Fish 832.64 408.66048000000006 903.68 428.51712
Fish 840.32 202.40870400000003 896.0 229.95148799999998
Fish 876.16 283.116288 991.36 325.39084799999995
Fish 893.44 427.23609600000003 1023.36 484.2432
Fish 898.56 126.825984 976.64 171.66335999999998
Fish 913.28 186.395136 965.76 216.500736
Fish 942.08 80.70758400000001 1023.36 114.655488
Fish 961.92 488.08704 1018.88 525.237504
Fish 972.8 213.93792000000002 1023.36 257.494272
