Fish 314.99980800000003 148.99967999999998 330.000384 160.99967999999998
Fish 362.000384 98.999808 378.000384 120.0
Fish 382.999552 160.99967999999998 410.000384 202.00012800000002
Fish 398.00012799999996 66.000384 405.999616 80.00025600000001
Fish 421.00019199999997 60.999936 432.0 85.999872
Fish 424.99993600000005 0.9999359999999999 435.00032000000004 8.000256
Fish 455.999488 0.9999359999999999 469.00019199999997 9.000192
Fish 458.99980800000003 75.999744 474.000384 101.99961599999999
Fish 485.999616 241.99987199999998 504.000512 249.00019199999997
Fish 501.999616 119.00006400000001 535.000064 144.999936
Fish 508.99967999999996 9.000192 520.999936 18.000384
Fish 510.000128 0.0 524.99968 5.9996160000000005
Fish 517.9996160000001 184.99967999999998 526.000128 203.00006399999998
Fish 524.0002559999999 97.999872 540.99968 124.99967999999998
Fish 544.0 4.99968 560.0 31.00032
Fish 560.0 192.99993600000002 574.999552 216.0
Fish 586.999808 232.99968 600.999936 241.99987199999998
Fish 590.000128 307.00032 604.99968 312.99993600000005
Fish 666.999808 388.99968 675.9997440000001 405.00019199999997
