Fish 176.83434 540.16 322.27384499999994 664.96
Fish 0.0 539.52 66.63303 595.2
Fish 0.0 460.8 126.21888 525.44
Fish 21.143069999999998 625.28 121.09261500000001 789.76
Fish 108.91993500000001 776.96 269.73594 910.08
Fish 203.10291 730.24 406.20582 780.8
Fish 290.879775 784.0 450.414405 874.88
Fish 348.542415 649.6 497.18573999999995 757.76
Fish 372.889305 567.04 455.53990500000003 673.92
Fish 374.81175 861.44 623.40462 943.36
Fish 385.06275 476.16 535.627755 542.72
Fish 460.66616999999997 554.88 651.595635 600.32
Fish 469.635795 693.12 665.6907600000001 814.08
